time,x,y,z,phi,theta,psi,x_velocity,y_velocity,z_velocity,phi_velocity,theta_velocity,psi_velocity,rotor_speed1,rotor_speed2,rotor_speed3,rotor_speed4
0.06,1.8490257201e-08,6.81490227133e-07,9.9984551592,0.000659000100058,6.28315247654,0.0,1.90414812616e-06,5.37388230608e-05,-0.0514954653485,0.0269127630032,-0.00166461778182,0.0,384.96370232586895,384.80618644909686,385.5566217222269,388.09065997166124
0.12000000000000001,1.32810529929e-06,2.55435595997e-05,10.0003070422,0.00225735294789,6.28300662697,0.0,5.5410018654e-05,0.000954294597115,0.113222948294,0.0260891737666,-0.00400933412215,0.0,456.0909676598447,455.9037352698982,457.97303568145895,457.90794865025515
0.18,9.39125152887e-06,0.000135848414767,10.0102687026,0.00382003705974,6.28258542384,0.0,0.000246556550138,0.00288334043245,0.218816876831,0.0259557222939,-0.0138483864176,0.0,439.2787829369638,438.4623789028218,438.524075742712,438.5131378754685
0.23999999999999996,4.19449143221e-05,0.000405796801579,10.0292526645,0.00566422624966,6.28170755277,0.0,0.000937664509545,0.00631380294368,0.413929912055,0.0389001848597,-0.0162445721693,0.0,465.88272213412483,465.6954787682523,466.0616190436821,467.0723364676487
0.3,0.00013789379543,0.000930152520618,10.0603108621,0.00792398265587,6.28059661758,0.0,0.00238291397036,0.011435113569,0.621251254061,0.0350655252921,-0.0234953975827,0.0,471.84834257881346,471.2884058202466,468.44526935792925,468.14763002201806
0.36000000000000004,0.000353690647113,0.00182867214046,10.1054442828,0.0102534588124,6.27901931069,0.0,0.00499710333737,0.0187944871368,0.883027791015,0.0454435355338,-0.0325581665086,0.0,487.3457202133802,486.6678584347001,484.5390654110634,485.31912398211006
0.4200000000000001,0.000751840507674,0.0031896768387,10.1624654159,0.0127809763332,6.27693607849,0.0,0.00848984289218,0.026853586496,1.01756188845,0.0344912395921,-0.0394388035076,0.0,447.92413328688565,447.36378508469437,449.88705449494154,449.0004269925225
0.48000000000000015,0.0014025584435,0.00508137272268,10.227158179,0.014975337865,6.27534249911,0.0,0.0133998965248,0.0364258485385,1.1387457532,0.0404397958966,-0.00868595098692,0.0,443.9724425564528,446.4878793195951,443.8213612056027,444.30987479329525
0.5400000000000001,0.00236348729092,0.00757288850956,10.297666367,0.0171787818844,6.27533762085,0.0,0.0186523396897,0.046851498147,1.21144861566,0.0280062740621,0.013153962829,0.0,428.5656043591646,430.41774227952465,430.03588699841043,428.9821713289467
0.6000000000000002,0.00362244558553,0.0107013040185,10.3708401905,0.0185052075068,6.2760284234,0.0,0.0232462639252,0.0575668011042,1.227659248,0.00643106481909,0.00801191224974,0.0,411.5087493602568,411.0532593123689,411.6682562159073,409.75497436014103
0.6600000000000003,0.00516773400002,0.0145536521995,10.4482240146,0.0196784365226,6.27700924631,0.0,0.0281812242327,0.0709329348688,1.35166138511,0.0376672795369,0.0292558522212,0.0,445.20422222874515,446.9387799882336,444.6533348314851,447.2046665822285
0.7200000000000003,0.0069906144081,0.0192630919589,10.5342077486,0.0223146573494,6.27856446099,0.0,0.0323948932373,0.0863191011343,1.51425664613,0.054196490457,0.0182384927679,0.0,458.6857484758607,457.81015730591434,457.4491673310092,458.7643682811383
0.7800000000000004,0.00901685335796,0.0248704626826,10.6260762141,0.0259438042852,6.27955540763,0.0,0.0350497871837,0.100911316338,1.54797254589,0.0707703523705,0.0128264729915,0.0,417.54741890506114,417.07498027161967,417.39949384600936,418.8460714453707
0.8400000000000004,0.0111850449562,0.0314250811973,10.7199985445,0.0302831576626,6.28033070713,0.0,0.0371517020946,0.117970994886,1.58271255966,0.0752575123484,0.0131113480768,0.0,418.93991682600256,418.96457626773906,417.2130036563976,417.60896808593765
0.9000000000000005,0.0134748546718,0.0392045408532,10.8198373144,0.0347318590551,6.28139697345,0.0,0.0390700494433,0.141835241793,1.74499561611,0.0718230456963,0.02575742182,0.0,458.4027853545952,459.4064432382388,458.7961851347674,458.5275470557575
0.9600000000000005,0.0158518774591,0.0484897218759,10.9286936423,0.0389917769863,6.2828071016,0.0,0.0400039918447,0.168123876727,1.88331237137,0.069297563265,0.0185604805353,0.0,452.79046040758027,452.2111871780761,451.59344434026224,451.3934798006851
1.0200000000000005,0.0182549198834,0.0593924077544,11.0445391426,0.0429073496235,0.00127085630712,0.0,0.039953151801,0.195702052198,1.97802593028,0.0556316114134,0.0410974093571,0.0,438.12420962785546,439.99407116835533,439.26615910400346,438.13465463170184
1.0800000000000005,0.0206086493361,0.0722278483979,11.1706789466,0.0462165950169,0.00369766260602,0.0,0.0382017886536,0.232537130381,2.22616237836,0.0541819135652,0.0391130282052,0.0,485.4320882047599,485.28386382094266,485.68765974422973,485.58068919136514
1.1400000000000006,0.0228247542066,0.0870347475984,11.3048462734,0.0490360723945,0.00643322828329,0.0,0.0354369965125,0.261302580576,2.2460254202,0.0259950553536,0.0561343258052,0.0,414.38166520357925,415.8765374558431,417.94940092229206,415.4869343734951
1.2000000000000006,0.0248042484743,0.103734661894,11.4426640956,0.0507858237101,0.0100594629466,0.0,0.0301884017602,0.295519085593,2.34768361677,0.0348439530296,0.0678883079739,0.0,441.91510796545253,442.8854613848723,442.45448378200285,443.18262883877657
1.2600000000000007,0.0264233799203,0.122372743802,11.5836019581,0.0527005978657,0.0141525977413,0.0,0.0234246024123,0.325923831264,2.35022315926,0.0252916540502,0.0688717232962,0.0,410.84008156954235,410.9311865320072,410.9438163057952,410.096685112774
1.3200000000000007,0.027492836997,0.143118966147,11.7294466166,0.0540184260458,0.0179974288163,0.0,0.0117833349274,0.365754358028,2.5109056039,0.0143024639186,0.0521821450928,0.0,462.1634254707548,460.8489331372699,461.61410538555435,460.74614197055723
1.3800000000000008,0.0278762794711,0.166004849038,11.8798295326,0.0548541256945,0.0209114683825,0.0,0.000736921967084,0.39717887232,2.5018651438,0.0131693833852,0.0401299822212,0.0,407.7779046045694,406.7015328560682,408.0566608213077,407.95540628567073
1.4400000000000008,0.0274541926938,0.191031103806,12.0340511578,0.0553261189268,0.0237448910695,0.0,-0.0150846074507,0.437079778161,2.63853367599,-0.00570967836226,0.0585727817199,0.0,454.0354217887794,455.5138670936214,455.52067332474587,454.00840897062443
1.5000000000000009,0.0259850876323,0.218526684292,12.1977432455,0.0548736640187,0.0279091384945,0.0,-0.0343186114557,0.479366238203,2.81743009525,-0.0114810726122,0.0851649793864,0.0,467.23024128720397,469.3020388098085,468.38336777337827,467.9344275652569
1.560000000000001,0.0233620868321,0.248350478553,12.3685726338,0.0548503614954,0.0342342043411,0.0,-0.0536755455747,0.514718208947,2.87671444716,0.0156594734122,0.129511335163,0.0,430.23572369629295,433.98322502935434,430.82494934690493,433.1136689534932
1.620000000000001,0.0192131622745,0.280659427808,12.5494943465,0.0560691132786,0.0418593004743,0.0,-0.0855837073205,0.562340055635,3.15323281341,0.0282888278033,0.121733338805,0.0,498.9709839664011,498.41562489600034,496.26284775751253,497.1889284698403
1.680000000000001,0.0131071237508,0.315659321337,12.7434530416,0.0578295375629,0.0489430128495,0.0,-0.118729236156,0.604482172614,3.31155293885,0.0313643941907,0.109474382333,0.0,464.97073064566433,464.0211191601033,465.27229506646796,465.5132410946738
1.740000000000001,0.00498500010143,0.353077586387,12.9443420518,0.0597678700314,0.055426826163,0.0,-0.152637279481,0.642960747771,3.38447695677,0.0341240128703,0.105083807534,0.0,440.1253320329187,439.7721835523102,439.1055066281497,439.3347856453281
1.8000000000000012,-0.00535738764654,0.392903254337,13.1506123042,0.0615834504582,0.0619399796167,0.0,-0.192751247054,0.684734089574,3.49081201877,0.0211241897677,0.11471195277,0.0,451.37343383519425,452.1599176931701,450.1136270344689,449.0605864078721
1.8600000000000012,-0.0181537059071,0.435178834672,13.361802462,0.0626195812698,0.0695619554704,0.0,-0.234482830062,0.724542512465,3.54861263844,0.0081575460218,0.144339712435,0.0,435.0508622166329,437.53913278619405,436.58215153557154,435.49880233060725
1.9200000000000013,-0.0337195004697,0.479956919421,13.5780196382,0.0630616952274,0.0779653592835,0.0,-0.285236370985,0.768074354337,3.65819365805,0.00574193278107,0.129721103861,0.0,453.7723329633547,452.61492941873547,452.98953510201187,452.79512163729066
1.9800000000000013,-0.0525850817048,0.527417877983,13.8018174705,0.0635219242509,0.0859634269762,0.0,-0.34443431687,0.813958277475,3.80117079335,0.0112727729507,0.139634935346,0.0,463.4883794089583,464.28238563243417,464.23140480292477,464.6650958256735
2.0400000000000014,-0.0746959561197,0.57728994769,14.0286645848,0.0648296482337,0.0940054679438,0.0,-0.393275361267,0.848524757773,3.76044644572,0.0372260084369,0.119452532256,0.0,407.65774536262825,405.8682780113661,404.2482316656556,406.5804264262379
2.1000000000000014,-0.100256548341,0.629525395117,14.2571262533,0.0671668364785,0.100647521789,0.0,-0.459423360969,0.892853505213,3.85450848416,0.0422003561229,0.0807143108862,0.0,452.6751255306354,449.5567785560669,449.22333279627566,449.6272695960447
2.1600000000000015,-0.129576411702,0.684243467209,14.4879140476,0.0693969824571,0.105795379267,0.0,-0.51833451054,0.931277030139,3.83837971688,0.024497873192,0.0943978089635,0.0,414.9887700290477,416.1947848208158,415.9249293423349,414.37223121914644
2.2200000000000015,-0.162517505538,0.741297234274,14.7176793603,0.0714591732496,0.111373061141,0.0,-0.58018270953,0.970657745598,3.82042477208,0.0490763136957,0.0899238821578,0.0,414.07292728204527,413.6871176169524,414.7292121384763,416.8831378497977
2.2800000000000016,-0.199253907322,0.800743688137,14.9462571938,0.0744314431946,0.116863567049,0.0,-0.644828537228,1.01112896194,3.79879502497,0.0504449383918,0.0945007489783,0.0,413.51389447240734,413.9246200897439,413.6226374763237,413.744892349906
2.3400000000000016,-0.240464232114,0.862983360876,15.1777334168,0.0778083207555,0.122454980136,0.0,-0.729388693484,1.06381475999,3.9165238207,0.0659471941523,0.0904332812183,0.0,459.6936452249073,459.37822261854814,457.597708115609,458.83217769767697
2.4000000000000017,-0.286644814553,0.928315522608,15.4144682466,0.0814751515667,0.127938702657,0.0,-0.810459700747,1.11425577211,3.97427724282,0.0490818161985,0.0932519972052,0.0,441.3849604685138,441.62461588249795,441.6748769735653,440.2842446749647
2.4600000000000017,-0.338317174359,0.997067396106,15.6586383244,0.0850372595393,0.133642688601,0.0,-0.912512330256,1.17777372817,4.16384670719,0.0745356066714,0.0984661415173,0.0,482.0176921007649,482.4184905331415,481.5441391365295,483.46794518373196
2.520000000000002,-0.396473539789,1.06985768009,15.9158087728,0.0893778560581,0.139286022076,0.0,-1.02661741975,1.24900545604,4.40733402205,0.0675550697511,0.0833334527596,0.0,499.43195534219785,498.33329194647223,500.7228445686941,500.21812021947966
2.580000000000002,-0.460597315861,1.14637586261,16.1803763142,0.0938325196262,0.144326807014,0.0,-1.11127893286,1.30194977283,4.4113825333,0.0850622783417,0.0853379779242,0.0,428.8104134255453,428.9867306880893,428.21028683629754,429.70160413157527
2.640000000000002,-0.530292865729,1.22640791621,16.4478857997,0.0988491338367,0.149485814526,0.0,-1.21236778926,1.36623200408,4.50499237648,0.0805375005976,0.0872433150397,0.0,458.57532231578523,458.7325022380917,457.66986574393036,457.3150320579561
2.700000000000002,-0.606002661373,1.31028944389,16.7199352615,0.103597471154,0.154847499062,0.0,-1.31176146185,1.43022142351,4.56284776869,0.0761858288126,0.0932900725791,0.0,447.23154578138247,447.7304252789681,448.97413407619155,448.6258284503846
2.760000000000002,-0.68738318087,1.39783083007,16.9928906757,0.108118384174,0.160284359957,0.0,-1.40139876625,1.48817967631,4.5355499816,0.0736201314647,0.0846440840193,0.0,421.8003856535839,421.0602902766891,421.25404196214146,421.0368924483555
2.820000000000002,-0.774739125433,1.48925722164,17.2672631861,0.112601424617,0.165354359806,0.0,-1.51091234241,1.55972900735,4.60962754334,0.0768249491254,0.084210448067,0.0,454.36342230045796,454.3343304347289,454.6679755400174,454.9289234885954
2.880000000000002,-0.869083172742,1.58527259064,17.5479017322,0.117918098412,0.170283902124,0.0,-1.63432438944,1.64121065039,4.74410755082,0.105377338672,0.0777064502357,0.0,475.1246095080318,474.6306319714526,472.74319907557526,474.9441354903431
2.940000000000002,-0.970087260191,1.68570485915,17.8316631963,0.124423141643,0.174924359924,0.0,-1.73288552628,1.70703544615,4.71444848035,0.11388881176,0.076600233648,0.0,424.0880929940979,423.99811094573613,423.5302080528567,424.2726694156342
3.000000000000002,-1.07787706415,1.7907486028,18.1180231618,0.130867108665,0.179041112841,0.0,-1.86047767338,1.79500315521,4.83001392471,0.0894624284509,0.0435394517962,0.0,472.7356920677362,470.1839469760165,471.246935120512,469.3639310799558
3.0600000000000023,-1.19377868806,1.90146411742,18.4133079735,0.136839916024,0.181908204458,0.0,-2.00307159145,1.89599973216,5.0116380077,0.114484928706,0.0551498439751,0.0,492.0684818773358,492.9284578738751,491.145802811085,493.0056044204024
3.1200000000000023,-1.31670532007,2.01717830421,18.7108323449,0.143888498428,0.185236857343,0.0,-2.09481591965,1.96165320812,4.90603041924,0.122868239731,0.0561247711883,0.0,403.42194758851826,403.51240337018686,401.13815182280985,401.912803519445
3.1800000000000024,-1.44575608208,2.13736292634,19.0049591095,0.151632457517,0.188227388166,0.0,-2.20716328033,2.04509602153,4.89786833093,0.139221441664,0.0327157644894,0.0,436.9682395434868,435.0136096297439,434.55062023181836,435.93496159505577
3.2400000000000024,-1.58238242769,2.26330810862,19.3025947387,0.160382748688,0.190005461272,0.0,-2.34713612233,2.1538239976,5.0223056062,0.156554302473,0.022624631569,0.0,478.0656470193884,477.2962060220463,478.0947628162336,479.4317576997624
3.3000000000000025,-1.72622920755,2.39493719932,19.6013838068,0.170899759905,0.191641420102,0.0,-2.44795652888,2.23456754394,4.93734769743,0.198228990847,0.0352244578376,0.0,413.2273892607155,414.3370630776343,409.2004629002443,412.92489529585424
3.3600000000000025,-1.87674646268,2.53208709293,19.8979973576,0.183090284154,0.193783697669,0.0,-2.56946510043,2.33807998922,4.9491984224,0.211569828674,0.0366478656056,0.0,444.7685815952117,444.88572507688815,445.0503071127575,446.1812333721098
3.4200000000000026,-2.0344147068,2.67548514201,20.1943212686,0.195571638273,0.196059342609,0.0,-2.6863531404,2.44284438337,4.92782200242,0.199784409499,0.040370427667,0.0,435.03925609820055,435.3516235609104,436.39366162972425,435.45199026842283
3.4800000000000026,-2.19905544622,2.8252805016,20.4888549944,0.207657193461,0.198188219825,0.0,-2.80189908617,2.55125038874,4.88959542977,0.204516921504,0.0232680578793,0.0,431.9023561919461,430.4578023753574,430.39873893038305,430.84031474574823
3.5400000000000027,-2.37115336669,2.9822677136,20.7833710417,0.219875710554,0.199898483758,0.0,-2.93480825307,2.68263577161,4.92679617347,0.201835157191,0.0373282350313,0.0,456.0473863121725,457.1694615075101,456.69011843868645,456.5156102117412
3.6000000000000028,-2.55066447823,3.14669454714,21.0771243161,0.231997488468,0.201993526909,0.0,-3.04913107651,2.79914222257,4.86467279588,0.202415116579,0.0295989699514,0.0,425.2395220938929,424.57733677159496,425.8352639159426,425.92684495635183
3.660000000000003,-2.73835845684,3.31973583178,21.3731464747,0.243777025268,0.20396899898,0.0,-3.2073874033,2.96986588441,5.00126749959,0.179974670608,0.0388597951314,0.0,490.04803145636504,490.7363503506998,490.47125040405297,488.8348411194849
3.720000000000003,-2.93388577916,3.50123484885,21.6692237149,0.254258648615,0.205983261501,0.0,-3.31048802934,3.08082799855,4.8680490196,0.161218477708,0.0200466108286,0.0,404.62033712981224,402.9232048006718,405.1696253491457,403.51179637307933
3.780000000000003,-3.13651897073,3.69057924527,21.9613216274,0.263856922577,0.207168945542,0.0,-3.44406185293,3.2313058501,4.86788382645,0.157355839899,0.0191848385749,0.0,449.7767526971731,449.7068992680183,450.48905801989173,450.20048729569805
3.840000000000003,-3.34718851162,3.88908107203,22.2532717498,0.273269432501,0.208692937196,0.0,-3.57838405612,3.38603727689,4.86311800401,0.155897358684,0.0355866938349,0.0,448.13750594848136,449.4691360062174,451.2537749731552,451.1589032531032
3.900000000000003,-3.56642997574,4.0976040997,22.5469771951,0.282914508344,0.211392006681,0.0,-3.72982352806,3.56531197055,4.92591753279,0.169013760873,0.059149017751,0.0,472.71089162968974,474.5244365800762,472.5439489061868,473.57686019352246
3.960000000000003,-3.79495445422,4.3172067285,22.8449062328,0.293203738127,0.215486601472,0.0,-3.88792490186,3.75537802286,5.00367792267,0.176018415573,0.082052651254,0.0,478.9464449670527,480.68860047253,481.01240708803385,481.5683805862554
4.020000000000002,-4.03220301061,4.54724476693,23.1436329328,0.303365256951,0.220315719083,0.0,-4.02078237807,3.91316519381,4.95321958214,0.150736102644,0.0771525218384,0.0,442.278487354742,441.87986842149087,442.60713012012707,440.54813230923963
4.080000000000001,-4.27775890883,4.7871987019,23.4402680538,0.312509157501,0.225326879253,0.0,-4.16481496978,4.08575899719,4.93376660579,0.15552747486,0.0939066207352,0.0,453.14643124191326,454.4969840520809,453.45235330462754,453.85853145466774
4.14,-4.53217031856,5.03777080358,23.7360843406,0.321663118535,0.231417943783,0.0,-4.31603429388,4.26706860687,4.92575942021,0.145874771246,0.113522876275,0.0,458.3295183360004,459.89466850626513,460.27896502705033,459.53525726031785
4.199999999999998,-4.79576448586,5.29931193482,24.0312457542,0.330089284292,0.238675576253,0.0,-4.47099427115,4.45129489286,4.91190694368,0.126419342562,0.1327444747,0.0,458.7054212993033,460.2421491583915,461.0374839984573,459.5147069057879
4.259999999999997,-5.06876607803,5.57195101657,24.3253309712,0.337341542553,0.246224477378,0.0,-4.62967047888,4.63686319206,4.8899099619,0.106471032649,0.106024363892,0.0,461.20767094036944,459.1053103905975,459.64572969266413,458.07417339792426
4.319999999999996,-5.35034597779,5.85436498225,24.6139476776,0.34424963571,0.252397910274,0.0,-4.75691089051,4.77722301151,4.73060307098,0.128430541965,0.0957486550052,0.0,413.27466769626886,412.37770924210116,413.05399979513527,414.9992498476255
4.379999999999995,-5.64026533544,6.1460340655,24.8951335794,0.35179588261,0.257856989146,0.0,-4.90755516622,4.94532822922,4.64168587886,0.119842524521,0.0791756128286,0.0,440.4017145407031,439.03532649114896,438.85030832075915,438.1512729888764
4.439999999999993,-5.94005098208,6.44879385495,25.1734697169,0.358832697563,0.262952198442,0.0,-5.08566060595,5.1467449517,4.63505569837,0.111593907117,0.0944566540404,0.0,466.64313710055893,467.840224208455,470.09791392340196,469.469638065364
4.499999999999992,-6.250880457,6.76401370465,25.4521474314,0.36520132106,0.268338466144,0.0,-5.27569705163,5.36052950387,4.65284999472,0.0920814683905,0.0782072452655,0.0,479.45369265815134,478.22322981972036,480.0176168300918,478.54302292685844
4.559999999999991,-6.57288569509,7.09165568295,25.7306209448,0.370317845462,0.273138362157,0.0,-5.45816708697,5.56075667736,4.62858981536,0.0660102864721,0.0833571825935,0.0,467.1887977178709,467.5950641669336,469.74184219293073,467.72052171948775
4.6199999999999894,-6.90581377855,7.43114876599,26.0071085426,0.373746106472,0.278061400817,0.0,-5.63983346998,5.75543598652,4.58681000099,0.026185789179,0.0793022623312,0.0,464.45225756646636,464.13916887039954,466.01462745210256,462.8921187022787
4.679999999999988,-7.24907743754,7.78143640329,26.2788274543,0.376811719767,0.283262929617,0.0,-5.80279318072,5.92061855331,4.47020185932,0.0782820349796,0.0984182104446,0.0,439.26188977835153,440.85091750090146,438.208325858848,442.52039011217016
4.739999999999987,-7.60261691813,8.14210265344,26.5447279482,0.382395305581,0.289347296388,0.0,-5.98234784041,6.10145819686,4.39237284511,0.112717411601,0.106792943432,0.0,454.0020903063604,454.6823580335311,453.8925604979456,456.65521865101
4.799999999999986,-7.96833321436,8.51523280041,26.8098338845,0.38991108675,0.295944351836,0.0,-6.20853689513,6.33594901473,4.44256133709,0.142795321629,0.115613394884,0.0,498.6291928021707,499.2825070239184,498.4742495843793,500.67986762489323
4.859999999999984,-8.34682275899,8.90130574111,27.0749327683,0.398806663596,0.302677773908,0.0,-6.40822895671,6.5331349117,4.39272616478,0.157399078457,0.104403940594,0.0,470.98183891436906,470.1241597870067,470.4345567280852,471.58344501908624
4.919999999999983,-8.7383988166,9.30047726632,27.339760231,0.408712743721,0.30881996266,0.0,-6.6445474302,6.77244348344,4.43268001191,0.177215464561,0.0979588761085,0.0,503.8632904076948,503.4047184798818,502.4047482883951,503.8621053180801
4.979999999999982,-9.1426338732,9.71203241148,27.6020602759,0.41959302876,0.314960627636,0.0,-6.83039976155,6.9462385828,4.30969175392,0.188509013627,0.109917307026,0.0,452.6159395299715,453.58647151284,453.0976892232474,454.03597581948964
5.0399999999999805,-9.55734384369,10.1330897597,27.8546387803,0.431032626908,0.321332612421,0.0,-6.99383962681,7.08930375703,4.10917107435,0.194641869763,0.097483320913,0.0,427.09251193512074,426.040598188968,427.4733672590824,428.0327383644983
